-200.0 -50.0 -198.0 -50.000126
-198.0 -50.000126 -196.0 -50.00099
-196.0 -50.00099 -194.0 -50.003345
-194.0 -50.003345 -192.0 -50.007923
-192.0 -50.007923 -190.0 -50.015457
-190.0 -50.015457 -188.0 -50.026672
-188.0 -50.026672 -186.0 -50.042286
-186.0 -50.042286 -184.0 -50.063
-184.0 -50.063 -182.0 -50.089516
-182.0 -50.089516 -180.0 -50.1225
-180.0 -50.1225 -178.0 -50.16263
-178.0 -50.16263 -176.0 -50.210537
-176.0 -50.210537 -174.0 -50.266853
-174.0 -50.266853 -172.0 -50.33218
-172.0 -50.33218 -170.0 -50.407104
-170.0 -50.407104 -168.0 -50.49218
-168.0 -50.49218 -166.0 -50.587944
-166.0 -50.587944 -164.0 -50.694897
-164.0 -50.694897 -162.0 -50.813522
-162.0 -50.813522 -160.0 -50.94427
-160.0 -50.94427 -158.0 -51.08756
-158.0 -51.08756 -156.0 -51.243774
-156.0 -51.243774 -154.0 -51.41327
-154.0 -51.41327 -152.0 -51.59637
-152.0 -51.59637 -150.0 -51.793365
-150.0 -51.793365 -148.0 -52.0045
-148.0 -52.0045 -146.0 -52.23
-146.0 -52.23 -144.0 -52.470036
-144.0 -52.470036 -142.0 -52.724754
-142.0 -52.724754 -140.0 -52.994263
-140.0 -52.994263 -138.0 -53.278625
-138.0 -53.278625 -136.0 -53.577873
-136.0 -53.577873 -134.0 -53.89199
-134.0 -53.89199 -132.0 -54.22094
-132.0 -54.22094 -130.0 -54.564625
-130.0 -54.564625 -128.0 -54.92292
-128.0 -54.92292 -126.0 -55.29567
-126.0 -55.29567 -124.0 -55.682663
-124.0 -55.682663 -122.0 -56.083664
-122.0 -56.083664 -120.0 -56.49839
-120.0 -56.49839 -118.0 -56.926533
-118.0 -56.926533 -116.0 -57.367733
-116.0 -57.367733 -114.0 -57.8216
-114.0 -57.8216 -112.0 -58.287724
-112.0 -58.287724 -110.0 -58.765633
-110.0 -58.765633 -108.0 -59.254845
-108.0 -59.254845 -106.0 -59.754826
-106.0 -59.754826 -104.0 -60.26503
-104.0 -60.26503 -102.0 -60.784866
-102.0 -60.784866 -100.0 -61.313713
-100.0 -61.313713 -98.0 -61.850937
-98.0 -61.850937 -96.0 -62.395863
-96.0 -62.395863 -94.0 -62.947792
-94.0 -62.947792 -92.0 -63.506012
-92.0 -63.506012 -90.0 -64.06976
-90.0 -64.06976 -88.0 -64.638306
-88.0 -64.638306 -86.0 -65.21083
-86.0 -65.21083 -84.0 -65.78655
-84.0 -65.78655 -82.0 -66.36465
-82.0 -66.36465 -80.0 -66.94429
-80.0 -66.94429 -78.0 -67.52463
-78.0 -67.52463 -76.0 -68.104805
-76.0 -68.104805 -74.0 -68.68396
-74.0 -68.68396 -72.0 -69.26122
-72.0 -69.26122 -70.0 -69.83571
-70.0 -69.83571 -68.0 -70.40655
-68.0 -70.40655 -66.0 -70.97284
-66.0 -70.97284 -64.0 -71.53371
-64.0 -71.53371 -62.0 -72.08827
-62.0 -72.08827 -60.0 -72.63566
-60.0 -72.63566 -58.0 -73.17499
-58.0 -73.17499 -56.0 -73.70539
-56.0 -73.70539 -54.0 -74.22603
-54.0 -74.22603 -52.0 -74.73604
-52.0 -74.73604 -50.0 -75.234604
-50.0 -75.234604 -48.0 -75.720894
-48.0 -75.720894 -46.0 -76.19412
-46.0 -76.19412 -44.0 -76.653496
-44.0 -76.653496 -42.0 -77.09826
-42.0 -77.09826 -40.0 -77.527664
-40.0 -77.527664 -38.0 -77.940994
-38.0 -77.940994 -36.0 -78.33757
-36.0 -78.33757 -34.0 -78.716705
-34.0 -78.716705 -32.0 -79.07777
-32.0 -79.07777 -30.0 -79.42015
-30.0 -79.42015 -28.0 -79.74326
-28.0 -79.74326 -26.0 -80.04657
-26.0 -80.04657 -24.0 -80.32954
-24.0 -80.32954 -22.0 -80.59169
-22.0 -80.59169 -20.0 -80.83259
-20.0 -80.83259 -18.0 -81.05181
-18.0 -81.05181 -16.0 -81.24898
-16.0 -81.24898 -14.0 -81.42376
-14.0 -81.42376 -12.0 -81.57585
-12.0 -81.57585 -10.0 -81.70499
-10.0 -81.70499 -8.0 -81.81094
-8.0 -81.81094 -6.0 -81.893555
-6.0 -81.893555 -4.0 -81.95266
-4.0 -81.95266 -2.0 -81.98816
-2.0 -81.98816 0.0 -82.0
0.0 -82.0 2.0 -81.9999
2.0 -81.9999 4.0 -81.99922
4.0 -81.99922 6.0 -81.99738
6.0 -81.99738 8.0 -81.99381
8.0 -81.99381 10.0 -81.98792
10.0 -81.98792 12.0 -81.979164
12.0 -81.979164 14.0 -81.966965
14.0 -81.966965 16.0 -81.95078
16.0 -81.95078 18.0 -81.93007
18.0 -81.93007 20.0 -81.9043
20.0 -81.9043 22.0 -81.87295
22.0 -81.87295 24.0 -81.83552
24.0 -81.83552 26.0 -81.79152
26.0 -81.79152 28.0 -81.740486
28.0 -81.740486 30.0 -81.68195
30.0 -81.68195 32.0 -81.615486
32.0 -81.615486 34.0 -81.54067
34.0 -81.54067 36.0 -81.45711
36.0 -81.45711 38.0 -81.36443
38.0 -81.36443 40.0 -81.26229
40.0 -81.26229 42.0 -81.150345
42.0 -81.150345 44.0 -81.028305
44.0 -81.028305 46.0 -80.89588
46.0 -80.89588 48.0 -80.75284
48.0 -80.75284 50.0 -80.59893
50.0 -80.59893 52.0 -80.43398
52.0 -80.43398 54.0 -80.25781
54.0 -80.25781 56.0 -80.07028
56.0 -80.07028 58.0 -79.871284
58.0 -79.871284 60.0 -79.66073
60.0 -79.66073 62.0 -79.438576
62.0 -79.438576 64.0 -79.20479
64.0 -79.20479 66.0 -78.95938
66.0 -78.95938 68.0 -78.70239
68.0 -78.70239 70.0 -78.43389
70.0 -78.43389 72.0 -78.15397
72.0 -78.15397 74.0 -77.862755
74.0 -77.862755 76.0 -77.56042
76.0 -77.56042 78.0 -77.24714
78.0 -77.24714 80.0 -76.923134
80.0 -76.923134 82.0 -76.588646
82.0 -76.588646 84.0 -76.24396
84.0 -76.24396 86.0 -75.88937
86.0 -75.88937 88.0 -75.525215
88.0 -75.525215 90.0 -75.15185
90.0 -75.15185 92.0 -74.76965
92.0 -74.76965 94.0 -74.37904
94.0 -74.37904 96.0 -73.980446
96.0 -73.980446 98.0 -73.574326
98.0 -73.574326 100.0 -73.16116
100.0 -73.16116 102.0 -72.741455
102.0 -72.741455 104.0 -72.315735
104.0 -72.315735 106.0 -71.88454
106.0 -71.88454 108.0 -71.44843
108.0 -71.44843 110.0 -71.007996
110.0 -71.007996 112.0 -70.56383
112.0 -70.56383 114.0 -70.11654
114.0 -70.11654 116.0 -69.666756
116.0 -69.666756 118.0 -69.21512
118.0 -69.21512 120.0 -68.762276
120.0 -68.762276 122.0 -68.30888
122.0 -68.30888 124.0 -67.85562
124.0 -67.85562 126.0 -67.40315
126.0 -67.40315 128.0 -66.95217
128.0 -66.95217 130.0 -66.50335
130.0 -66.50335 132.0 -66.05739
132.0 -66.05739 134.0 -65.614975
134.0 -65.614975 136.0 -65.17679
136.0 -65.17679 138.0 -64.74354
138.0 -64.74354 140.0 -64.31589
140.0 -64.31589 142.0 -63.894543
142.0 -63.894543 144.0 -63.480164
144.0 -63.480164 146.0 -63.073418
146.0 -63.073418 148.0 -62.67497
148.0 -62.67497 150.0 -62.28547
150.0 -62.28547 152.0 -61.90555
152.0 -61.90555 154.0 -61.535843
154.0 -61.535843 156.0 -61.176956
156.0 -61.176956 158.0 -60.829487
158.0 -60.829487 160.0 -60.49401
160.0 -60.49401 162.0 -60.171097
162.0 -60.171097 164.0 -59.861275
164.0 -59.861275 166.0 -59.565075
166.0 -59.565075 168.0 -59.282993
168.0 -59.282993 170.0 -59.01551
170.0 -59.01551 172.0 -58.763077
172.0 -58.763077 174.0 -58.526123
174.0 -58.526123 176.0 -58.30505
176.0 -58.30505 178.0 -58.10024
178.0 -58.10024 180.0 -57.91204
180.0 -57.91204 182.0 -57.740776
182.0 -57.740776 184.0 -57.586735
184.0 -57.586735 186.0 -57.450188
186.0 -57.450188 188.0 -57.331367
188.0 -57.331367 190.0 -57.23048
190.0 -57.23048 192.0 -57.147697
192.0 -57.147697 194.0 -57.08316
194.0 -57.08316 196.0 -57.036987
196.0 -57.036987 198.0 -57.009247
198.0 -57.009247 200.0 -57.0
200.0 -57.0 202.0 -56.9999
202.0 -56.9999 204.0 -56.999195
204.0 -56.999195 206.0 -56.997284
206.0 -56.997284 208.0 -56.993565
208.0 -56.993565 210.0 -56.987442
210.0 -56.987442 212.0 -56.97833
212.0 -56.97833 214.0 -56.965645
214.0 -56.965645 216.0 -56.94881
216.0 -56.94881 218.0 -56.92727
218.0 -56.92727 220.0 -56.900467
220.0 -56.900467 222.0 -56.867863
222.0 -56.867863 224.0 -56.828938
224.0 -56.828938 226.0 -56.78318
226.0 -56.78318 228.0 -56.730103
228.0 -56.730103 230.0 -56.669228
230.0 -56.669228 232.0 -56.600105
232.0 -56.600105 234.0 -56.522297
234.0 -56.522297 236.0 -56.435394
236.0 -56.435394 238.0 -56.339012
238.0 -56.339012 240.0 -56.23278
240.0 -56.23278 242.0 -56.11636
242.0 -56.11636 244.0 -55.989433
244.0 -55.989433 246.0 -55.85172
246.0 -55.85172 248.0 -55.70295
248.0 -55.70295 250.0 -55.542892
250.0 -55.542892 252.0 -55.37134
252.0 -55.37134 254.0 -55.188126
254.0 -55.188126 256.0 -54.993095
256.0 -54.993095 258.0 -54.786137
258.0 -54.786137 260.0 -54.56716
260.0 -54.56716 262.0 -54.336117
262.0 -54.336117 264.0 -54.09298
264.0 -54.09298 266.0 -53.837757
266.0 -53.837757 268.0 -53.570488
268.0 -53.570488 270.0 -53.291245
270.0 -53.291245 272.0 -53.000126
272.0 -53.000126 274.0 -52.69727
274.0 -52.69727 276.0 -52.382835
276.0 -52.382835 278.0 -52.057022
278.0 -52.057022 280.0 -51.720055
280.0 -51.720055 282.0 -51.372192
282.0 -51.372192 284.0 -51.013718
284.0 -51.013718 286.0 -50.644947
286.0 -50.644947 288.0 -50.266224
288.0 -50.266224 290.0 -49.877922
290.0 -49.877922 292.0 -49.48044
292.0 -49.48044 294.0 -49.074203
294.0 -49.074203 296.0 -48.659664
296.0 -48.659664 298.0 -48.237297
298.0 -48.237297 300.0 -47.807606
300.0 -47.807606 302.0 -47.371113
302.0 -47.371113 304.0 -46.92836
304.0 -46.92836 306.0 -46.47992
306.0 -46.47992 308.0 -46.026367
308.0 -46.026367 310.0 -45.568314
310.0 -45.568314 312.0 -45.10638
312.0 -45.10638 314.0 -44.6412
314.0 -44.6412 316.0 -44.173424
316.0 -44.173424 318.0 -43.703724
318.0 -43.703724 320.0 -43.232765
320.0 -43.232765 322.0 -42.76124
322.0 -42.76124 324.0 -42.289845
324.0 -42.289845 326.0 -41.81928
326.0 -41.81928 328.0 -41.350254
328.0 -41.350254 330.0 -40.883484
330.0 -40.883484 332.0 -40.41968
332.0 -40.41968 334.0 -39.95957
334.0 -39.95957 336.0 -39.50386
336.0 -39.50386 338.0 -39.053276
338.0 -39.053276 340.0 -38.60853
340.0 -38.60853 342.0 -38.170326
342.0 -38.170326 344.0 -37.73937
344.0 -37.73937 346.0 -37.316353
346.0 -37.316353 348.0 -36.90197
348.0 -36.90197 350.0 -36.496887
350.0 -36.496887 352.0 -36.101772
352.0 -36.101772 354.0 -35.717278
354.0 -35.717278 356.0 -35.344032
356.0 -35.344032 358.0 -34.982666
358.0 -34.982666 360.0 -34.633774
360.0 -34.633774 362.0 -34.29794
362.0 -34.29794 364.0 -33.975723
364.0 -33.975723 366.0 -33.66768
366.0 -33.66768 368.0 -33.374313
368.0 -33.374313 370.0 -33.09613
370.0 -33.09613 372.0 -32.8336
372.0 -32.8336 374.0 -32.587166
374.0 -32.587166 376.0 -32.357254
376.0 -32.357254 378.0 -32.14425
378.0 -32.14425 380.0 -31.94852
380.0 -31.94852 382.0 -31.770405
382.0 -31.770405 384.0 -31.610205
384.0 -31.610205 386.0 -31.468195
386.0 -31.468195 388.0 -31.344624
388.0 -31.344624 390.0 -31.2397
390.0 -31.2397 392.0 -31.153605
392.0 -31.153605 394.0 -31.086489
394.0 -31.086489 396.0 -31.038465
396.0 -31.038465 398.0 -31.009619
398.0 -31.009619 400.0 -31.0
400.0 -31.0 402.0 -31.000046
402.0 -31.000046 404.0 -31.000372
404.0 -31.000372 406.0 -31.001255
406.0 -31.001255 408.0 -31.002972
408.0 -31.002972 410.0 -31.005796
410.0 -31.005796 412.0 -31.010002
412.0 -31.010002 414.0 -31.015856
414.0 -31.015856 416.0 -31.023626
416.0 -31.023626 418.0 -31.033567
418.0 -31.033567 420.0 -31.045938
420.0 -31.045938 422.0 -31.060986
422.0 -31.060986 424.0 -31.07895
424.0 -31.07895 426.0 -31.100069
426.0 -31.100069 428.0 -31.124567
428.0 -31.124567 430.0 -31.152664
430.0 -31.152664 432.0 -31.184568
432.0 -31.184568 434.0 -31.220478
434.0 -31.220478 436.0 -31.260586
436.0 -31.260586 438.0 -31.30507
438.0 -31.30507 440.0 -31.354101
440.0 -31.354101 442.0 -31.407835
442.0 -31.407835 444.0 -31.466415
444.0 -31.466415 446.0 -31.529976
446.0 -31.529976 448.0 -31.598639
448.0 -31.598639 450.0 -31.672512
450.0 -31.672512 452.0 -31.751688
452.0 -31.751688 454.0 -31.83625
454.0 -31.83625 456.0 -31.926264
456.0 -31.926264 458.0 -32.021782
458.0 -32.021782 460.0 -32.12285
460.0 -32.12285 462.0 -32.229485
462.0 -32.229485 464.0 -32.3417
464.0 -32.3417 466.0 -32.459496
466.0 -32.459496 468.0 -32.58285
468.0 -32.58285 470.0 -32.711735
470.0 -32.711735 472.0 -32.846096
472.0 -32.846096 474.0 -32.985878
474.0 -32.985878 476.0 -33.131
476.0 -33.131 478.0 -33.281376
478.0 -33.281376 480.0 -33.436897
480.0 -33.436897 482.0 -33.59745
482.0 -33.59745 484.0 -33.7629
484.0 -33.7629 486.0 -33.9331
486.0 -33.9331 488.0 -34.107895
488.0 -34.107895 490.0 -34.287113
490.0 -34.287113 492.0 -34.470566
492.0 -34.470566 494.0 -34.65806
494.0 -34.65806 496.0 -34.849384
496.0 -34.849384 498.0 -35.044323
498.0 -35.044323 500.0 -35.242645
500.0 -35.242645 502.0 -35.444103
502.0 -35.444103 504.0 -35.64845
504.0 -35.64845 506.0 -35.855423
506.0 -35.855423 508.0 -36.064754
508.0 -36.064754 510.0 -36.27616
510.0 -36.27616 512.0 -36.489365
512.0 -36.489365 514.0 -36.704063
514.0 -36.704063 516.0 -36.919956
516.0 -36.919956 518.0 -37.13674
518.0 -37.13674 520.0 -37.354107
520.0 -37.354107 522.0 -37.571735
522.0 -37.571735 524.0 -37.789303
524.0 -37.789303 526.0 -38.006485
526.0 -38.006485 528.0 -38.22296
528.0 -38.22296 530.0 -38.438393
530.0 -38.438393 532.0 -38.652454
532.0 -38.652454 534.0 -38.864815
534.0 -38.864815 536.0 -39.07514
536.0 -39.07514 538.0 -39.283104
538.0 -39.283104 540.0 -39.488373
540.0 -39.488373 542.0 -39.69062
542.0 -39.69062 544.0 -39.889523
544.0 -39.889523 546.0 -40.08476
546.0 -40.08476 548.0 -40.276016
548.0 -40.276016 550.0 -40.462975
550.0 -40.462975 552.0 -40.645336
552.0 -40.645336 554.0 -40.822796
554.0 -40.822796 556.0 -40.99506
556.0 -40.99506 558.0 -41.161846
558.0 -41.161846 560.0 -41.322876
560.0 -41.322876 562.0 -41.477875
562.0 -41.477875 564.0 -41.626587
564.0 -41.626587 566.0 -41.768764
566.0 -41.768764 568.0 -41.904163
568.0 -41.904163 570.0 -42.032555
570.0 -42.032555 572.0 -42.153725
572.0 -42.153725 574.0 -42.267464
574.0 -42.267464 576.0 -42.373577
576.0 -42.373577 578.0 -42.471886
578.0 -42.471886 580.0 -42.56222
580.0 -42.56222 582.0 -42.64443
582.0 -42.64443 584.0 -42.71837
584.0 -42.71837 586.0 -42.78391
586.0 -42.78391 588.0 -42.840942
588.0 -42.840942 590.0 -42.88937
590.0 -42.88937 592.0 -42.929108
592.0 -42.929108 594.0 -42.960083
594.0 -42.960083 596.0 -42.982246
596.0 -42.982246 598.0 -42.99556
598.0 -42.99556 600.0 -43.0
600.0 -43.0 602.0 -43.000114
602.0 -43.000114 604.0 -43.00093
604.0 -43.00093 606.0 -43.003136
606.0 -43.003136 608.0 -43.007427
608.0 -43.007427 610.0 -43.01449
610.0 -43.01449 612.0 -43.025005
612.0 -43.025005 614.0 -43.039642
614.0 -43.039642 616.0 -43.059063
616.0 -43.059063 618.0 -43.08392
618.0 -43.08392 620.0 -43.114845
620.0 -43.114845 622.0 -43.152466
622.0 -43.152466 624.0 -43.19738
624.0 -43.19738 626.0 -43.250175
626.0 -43.250175 628.0 -43.31142
628.0 -43.31142 630.0 -43.38166
630.0 -43.38166 632.0 -43.46142
632.0 -43.46142 634.0 -43.551197
634.0 -43.551197 636.0 -43.651466
636.0 -43.651466 638.0 -43.76268
638.0 -43.76268 640.0 -43.885254
640.0 -43.885254 642.0 -44.019585
642.0 -44.019585 644.0 -44.16604
644.0 -44.16604 646.0 -44.32494
646.0 -44.32494 648.0 -44.496597
648.0 -44.496597 650.0 -44.68128
650.0 -44.68128 652.0 -44.87922
652.0 -44.87922 654.0 -45.090622
654.0 -45.090622 656.0 -45.31566
656.0 -45.31566 658.0 -45.55446
658.0 -45.55446 660.0 -45.80712
660.0 -45.80712 662.0 -46.07371
662.0 -46.07371 664.0 -46.354256
664.0 -46.354256 666.0 -46.648743
666.0 -46.648743 668.0 -46.95713
668.0 -46.95713 670.0 -47.279335
670.0 -47.279335 672.0 -47.61524
672.0 -47.61524 674.0 -47.96469
674.0 -47.96469 676.0 -48.3275
676.0 -48.3275 678.0 -48.703434
678.0 -48.703434 680.0 -49.092243
680.0 -49.092243 682.0 -49.493626
682.0 -49.493626 684.0 -49.90725
684.0 -49.90725 686.0 -50.332752
686.0 -50.332752 688.0 -50.76974
688.0 -50.76974 690.0 -51.21778
690.0 -51.21778 692.0 -51.676414
692.0 -51.676414 694.0 -52.14515
694.0 -52.14515 696.0 -52.623466
696.0 -52.623466 698.0 -53.11081
698.0 -53.11081 700.0 -53.606606
700.0 -53.606606 702.0 -54.110256
702.0 -54.110256 704.0 -54.621124
704.0 -54.621124 706.0 -55.138557
706.0 -55.138557 708.0 -55.661884
708.0 -55.661884 710.0 -56.190407
710.0 -56.190407 712.0 -56.723408
712.0 -56.723408 714.0 -57.260155
714.0 -57.260155 716.0 -57.799892
716.0 -57.799892 718.0 -58.341858
718.0 -58.341858 720.0 -58.88527
720.0 -58.88527 722.0 -59.429337
722.0 -59.429337 724.0 -59.97326
724.0 -59.97326 726.0 -60.516216
726.0 -60.516216 728.0 -61.057396
728.0 -61.057396 730.0 -61.595978
730.0 -61.595978 732.0 -62.131134
732.0 -62.131134 734.0 -62.662033
734.0 -62.662033 736.0 -63.18785
736.0 -63.18785 738.0 -63.707756
738.0 -63.707756 740.0 -64.22093
740.0 -64.22093 742.0 -64.72655
742.0 -64.72655 744.0 -65.22381
744.0 -65.22381 746.0 -65.7119
746.0 -65.7119 748.0 -66.19003
748.0 -66.19003 750.0 -66.65744
750.0 -66.65744 752.0 -67.11334
752.0 -67.11334 754.0 -67.55699
754.0 -67.55699 756.0 -67.987656
756.0 -67.987656 758.0 -68.40462
758.0 -68.40462 760.0 -68.80719
760.0 -68.80719 762.0 -69.19469
762.0 -69.19469 764.0 -69.56647
764.0 -69.56647 766.0 -69.921906
766.0 -69.921906 768.0 -70.26041
768.0 -70.26041 770.0 -70.58139
770.0 -70.58139 772.0 -70.88431
772.0 -70.88431 774.0 -71.168655
774.0 -71.168655 776.0 -71.433945
776.0 -71.433945 778.0 -71.67971
778.0 -71.67971 780.0 -71.905556
780.0 -71.905556 782.0 -72.11107
782.0 -72.11107 784.0 -72.29591
784.0 -72.29591 786.0 -72.45978
786.0 -72.45978 788.0 -72.602356
788.0 -72.602356 790.0 -72.72342
790.0 -72.72342 792.0 -72.82276
792.0 -72.82276 794.0 -72.90021
794.0 -72.90021 796.0 -72.95561
796.0 -72.95561 798.0 -72.9889
798.0 -72.9889 800.0 -73.0
800.0 -73.0 802.0 -72.99991
802.0 -72.99991 804.0 -72.99926
804.0 -72.99926 806.0 -72.99749
806.0 -72.99749 808.0 -72.99406
808.0 -72.99406 810.0 -72.98841
810.0 -72.98841 812.0 -72.979996
812.0 -72.979996 814.0 -72.968285
814.0 -72.968285 816.0 -72.95275
816.0 -72.95275 818.0 -72.93286
818.0 -72.93286 820.0 -72.90812
820.0 -72.90812 822.0 -72.87803
822.0 -72.87803 824.0 -72.842094
824.0 -72.842094 826.0 -72.79986
826.0 -72.79986 828.0 -72.75086
828.0 -72.75086 830.0 -72.69467
830.0 -72.69467 832.0 -72.63087
832.0 -72.63087 834.0 -72.559044
834.0 -72.559044 836.0 -72.47883
836.0 -72.47883 838.0 -72.389854
838.0 -72.389854 840.0 -72.291794
840.0 -72.291794 842.0 -72.18433
842.0 -72.18433 844.0 -72.06717
844.0 -72.06717 846.0 -71.94005
846.0 -71.94005 848.0 -71.80272
848.0 -71.80272 850.0 -71.654976
850.0 -71.654976 852.0 -71.49662
852.0 -71.49662 854.0 -71.3275
854.0 -71.3275 856.0 -71.14748
856.0 -71.14748 858.0 -70.956436
858.0 -70.956436 860.0 -70.7543
860.0 -70.7543 862.0 -70.54103
862.0 -70.54103 864.0 -70.3166
864.0 -70.3166 866.0 -70.08101
866.0 -70.08101 868.0 -69.8343
868.0 -69.8343 870.0 -69.57653
870.0 -69.57653 872.0 -69.30781
872.0 -69.30781 874.0 -69.028244
874.0 -69.028244 876.0 -68.738
876.0 -68.738 878.0 -68.43725
878.0 -68.43725 880.0 -68.126205
880.0 -68.126205 882.0 -67.8051
882.0 -67.8051 884.0 -67.4742
884.0 -67.4742 886.0 -67.1338
886.0 -67.1338 888.0 -66.78421
888.0 -66.78421 890.0 -66.42577
890.0 -66.42577 892.0 -66.05887
892.0 -66.05887 894.0 -65.68388
894.0 -65.68388 896.0 -65.30123
896.0 -65.30123 898.0 -64.911354
898.0 -64.911354 900.0 -64.51471
900.0 -64.51471 902.0 -64.11179
902.0 -64.11179 904.0 -63.703102
904.0 -63.703102 906.0 -63.289154
906.0 -63.289154 908.0 -62.87049
908.0 -62.87049 910.0 -62.447674
910.0 -62.447674 912.0 -62.021275
912.0 -62.021275 914.0 -61.591877
914.0 -61.591877 916.0 -61.160088
916.0 -61.160088 918.0 -60.726513
918.0 -60.726513 920.0 -60.291786
920.0 -60.291786 922.0 -59.85653
922.0 -59.85653 924.0 -59.421394
924.0 -59.421394 926.0 -58.987026
926.0 -58.987026 928.0 -58.55408
928.0 -58.55408 930.0 -58.123215
930.0 -58.123215 932.0 -57.69509
932.0 -57.69509 934.0 -57.27037
934.0 -57.27037 936.0 -56.849716
936.0 -56.849716 938.0 -56.433792
938.0 -56.433792 940.0 -56.023254
940.0 -56.023254 942.0 -55.61876
942.0 -55.61876 944.0 -55.220955
944.0 -55.220955 946.0 -54.830482
946.0 -54.830482 948.0 -54.447968
948.0 -54.447968 950.0 -54.07405
950.0 -54.07405 952.0 -53.709328
952.0 -53.709328 954.0 -53.35441
954.0 -53.35441 956.0 -53.00988
956.0 -53.00988 958.0 -52.676308
958.0 -52.676308 960.0 -52.35425
960.0 -52.35425 962.0 -52.04425
962.0 -52.04425 964.0 -51.746826
964.0 -51.746826 966.0 -51.46247
966.0 -51.46247 968.0 -51.191673
968.0 -51.191673 970.0 -50.93489
970.0 -50.93489 972.0 -50.69255
972.0 -50.69255 974.0 -50.465076
974.0 -50.465076 976.0 -50.252846
976.0 -50.252846 978.0 -50.05623
978.0 -50.05623 980.0 -49.875557
980.0 -49.875557 982.0 -49.711143
982.0 -49.711143 984.0 -49.563263
984.0 -49.563263 986.0 -49.432182
986.0 -49.432182 988.0 -49.318115
988.0 -49.318115 990.0 -49.22126
990.0 -49.22126 992.0 -49.14179
992.0 -49.14179 994.0 -49.079834
994.0 -49.079834 996.0 -49.035507
996.0 -49.035507 998.0 -49.00888
998.0 -49.00888 1000.0 -49.0
1000.0 -49.0 1002.0 -48.999966
1002.0 -48.999966 1004.0 -48.99972
1004.0 -48.99972 1006.0 -48.999058
1006.0 -48.999058 1008.0 -48.997772
1008.0 -48.997772 1010.0 -48.995655
1010.0 -48.995655 1012.0 -48.9925
1012.0 -48.9925 1014.0 -48.988106
1014.0 -48.988106 1016.0 -48.98228
1016.0 -48.98228 1018.0 -48.974823
1018.0 -48.974823 1020.0 -48.965546
1020.0 -48.965546 1022.0 -48.95426
1022.0 -48.95426 1024.0 -48.94079
1024.0 -48.94079 1026.0 -48.924946
1026.0 -48.924946 1028.0 -48.906574
1028.0 -48.906574 1030.0 -48.8855
1030.0 -48.8855 1032.0 -48.861576
1032.0 -48.861576 1034.0 -48.83464
1034.0 -48.83464 1036.0 -48.80456
1036.0 -48.80456 1038.0 -48.771194
1038.0 -48.771194 1040.0 -48.734425
1040.0 -48.734425 1042.0 -48.694122
1042.0 -48.694122 1044.0 -48.65019
1044.0 -48.65019 1046.0 -48.602516
1046.0 -48.602516 1048.0 -48.55102
1048.0 -48.55102 1050.0 -48.495617
1050.0 -48.495617 1052.0 -48.436234
1052.0 -48.436234 1054.0 -48.372814
1054.0 -48.372814 1056.0 -48.3053
1056.0 -48.3053 1058.0 -48.23366
1058.0 -48.23366 1060.0 -48.157864
1060.0 -48.157864 1062.0 -48.07789
1062.0 -48.07789 1064.0 -47.993725
1064.0 -47.993725 1066.0 -47.905376
1066.0 -47.905376 1068.0 -47.812862
1068.0 -47.812862 1070.0 -47.716198
1070.0 -47.716198 1072.0 -47.61543
1072.0 -47.61543 1074.0 -47.510593
1074.0 -47.510593 1076.0 -47.401752
1076.0 -47.401752 1078.0 -47.28897
1078.0 -47.28897 1080.0 -47.17233
1080.0 -47.17233 1082.0 -47.051914
1082.0 -47.051914 1084.0 -46.927826
1084.0 -46.927826 1086.0 -46.800175
1086.0 -46.800175 1088.0 -46.66908
1088.0 -46.66908 1090.0 -46.534664
1090.0 -46.534664 1092.0 -46.397076
1092.0 -46.397076 1094.0 -46.256454
1094.0 -46.256454 1096.0 -46.11296
1096.0 -46.11296 1098.0 -45.96676
1098.0 -45.96676 1100.0 -45.818016
1100.0 -45.818016 1102.0 -45.666924
1102.0 -45.666924 1104.0 -45.513664
1104.0 -45.513664 1106.0 -45.358433
1106.0 -45.358433 1108.0 -45.201435
1108.0 -45.201435 1110.0 -45.042877
1110.0 -45.042877 1112.0 -44.882977
1112.0 -44.882977 1114.0 -44.721954
1114.0 -44.721954 1116.0 -44.56003
1116.0 -44.56003 1118.0 -44.39744
1118.0 -44.39744 1120.0 -44.23442
1120.0 -44.23442 1122.0 -44.071198
1122.0 -44.071198 1124.0 -43.908024
1124.0 -43.908024 1126.0 -43.745136
1126.0 -43.745136 1128.0 -43.58278
1128.0 -43.58278 1130.0 -43.421207
1130.0 -43.421207 1132.0 -43.26066
1132.0 -43.26066 1134.0 -43.10139
1134.0 -43.10139 1136.0 -42.943645
1136.0 -42.943645 1138.0 -42.787674
1138.0 -42.787674 1140.0 -42.63372
1140.0 -42.63372 1142.0 -42.482037
1142.0 -42.482037 1144.0 -42.33286
1144.0 -42.33286 1146.0 -42.18643
1146.0 -42.18643 1148.0 -42.042988
1148.0 -42.042988 1150.0 -41.902767
1150.0 -41.902767 1152.0 -41.766
1152.0 -41.766 1154.0 -41.632904
1154.0 -41.632904 1156.0 -41.503704
1156.0 -41.503704 1158.0 -41.378616
1158.0 -41.378616 1160.0 -41.257843
1160.0 -41.257843 1162.0 -41.141594
1162.0 -41.141594 1164.0 -41.03006
1164.0 -41.03006 1166.0 -40.923428
1166.0 -40.923428 1168.0 -40.821877
1168.0 -40.821877 1170.0 -40.725582
1170.0 -40.725582 1172.0 -40.63471
1172.0 -40.63471 1174.0 -40.549404
1174.0 -40.549404 1176.0 -40.46982
1176.0 -40.46982 1178.0 -40.396088
1178.0 -40.396088 1180.0 -40.328335
1180.0 -40.328335 1182.0 -40.266678
1182.0 -40.266678 1184.0 -40.211224
1184.0 -40.211224 1186.0 -40.162067
1186.0 -40.162067 1188.0 -40.119293
1188.0 -40.119293 1190.0 -40.082973
1190.0 -40.082973 1192.0 -40.05317
1192.0 -40.05317 1194.0 -40.029938
1194.0 -40.029938 1196.0 -40.013313
1196.0 -40.013313 1198.0 -40.00333
1198.0 -40.00333 1200.0 -40.0
1200.0 -40.0 1202.0 -39.999825
1202.0 -39.999825 1204.0 -39.998604
1204.0 -39.998604 1206.0 -39.995296
1206.0 -39.995296 1208.0 -39.98886
1208.0 -39.98886 1210.0 -39.978268
1210.0 -39.978268 1212.0 -39.962494
1212.0 -39.962494 1214.0 -39.940536
1214.0 -39.940536 1216.0 -39.911404
1216.0 -39.911404 1218.0 -39.87412
1218.0 -39.87412 1220.0 -39.82773
1220.0 -39.82773 1222.0 -39.7713
1222.0 -39.7713 1224.0 -39.703934
1224.0 -39.703934 1226.0 -39.624737
1226.0 -39.624737 1228.0 -39.53287
1228.0 -39.53287 1230.0 -39.42751
1230.0 -39.42751 1232.0 -39.307873
1232.0 -39.307873 1234.0 -39.173206
1234.0 -39.173206 1236.0 -39.0228
1236.0 -39.0228 1238.0 -38.85598
1238.0 -38.85598 1240.0 -38.67212
1240.0 -38.67212 1242.0 -38.47062
1242.0 -38.47062 1244.0 -38.250946
1244.0 -38.250946 1246.0 -38.01259
1246.0 -38.01259 1248.0 -37.755104
1248.0 -37.755104 1250.0 -37.47808
1250.0 -37.47808 1252.0 -37.181168
1252.0 -37.181168 1254.0 -36.864063
1254.0 -36.864063 1256.0 -36.526512
1256.0 -36.526512 1258.0 -36.168312
1258.0 -36.168312 1260.0 -35.789318
1260.0 -35.789318 1262.0 -35.389435
1262.0 -35.389435 1264.0 -34.968616
1264.0 -34.968616 1266.0 -34.526886
1266.0 -34.526886 1268.0 -34.064304
1268.0 -34.064304 1270.0 -33.580997
1270.0 -33.580997 1272.0 -33.07714
1272.0 -33.07714 1274.0 -32.552963
1274.0 -32.552963 1276.0 -32.008755
1276.0 -32.008755 1278.0 -31.444847
1278.0 -31.444847 1280.0 -30.861637
1280.0 -30.861637 1282.0 -30.259563
1282.0 -30.259563 1284.0 -29.639126
1284.0 -29.639126 1286.0 -29.00087
1286.0 -29.00087 1288.0 -28.345388
1288.0 -28.345388 1290.0 -27.673328
1290.0 -27.673328 1292.0 -26.985378
1292.0 -26.985378 1294.0 -26.282276
1294.0 -26.282276 1296.0 -25.564804
1296.0 -25.564804 1298.0 -24.833784
1298.0 -24.833784 1300.0 -24.090088
1300.0 -24.090088 1302.0 -23.334618
1302.0 -23.334618 1304.0 -22.568317
1304.0 -22.568317 1306.0 -21.792164
1306.0 -21.792164 1308.0 -21.007174
1308.0 -21.007174 1310.0 -20.21439
1310.0 -20.21439 1312.0 -19.414888
1312.0 -19.414888 1314.0 -18.60977
1314.0 -18.60977 1316.0 -17.800161
1316.0 -17.800161 1318.0 -16.987213
1318.0 -16.987213 1320.0 -16.172094
1320.0 -16.172094 1322.0 -15.355991
1322.0 -15.355991 1324.0 -14.540115
1324.0 -14.540115 1326.0 -13.725676
1326.0 -13.725676 1328.0 -12.913902
1328.0 -12.913902 1330.0 -12.1060295
1330.0 -12.1060295 1332.0 -11.303295
1332.0 -11.303295 1334.0 -10.506947
1334.0 -10.506947 1336.0 -9.718222
1336.0 -9.718222 1338.0 -8.938364
1338.0 -8.938364 1340.0 -8.168606
1340.0 -8.168606 1342.0 -7.4101753
1342.0 -7.4101753 1344.0 -6.6642914
1344.0 -6.6642914 1346.0 -5.932152
1346.0 -5.932152 1348.0 -5.214943
1348.0 -5.214943 1350.0 -4.5138397
1350.0 -4.5138397 1352.0 -3.8299904
1352.0 -3.8299904 1354.0 -3.1645164
1354.0 -3.1645164 1356.0 -2.5185204
1356.0 -2.5185204 1358.0 -1.8930779
1358.0 -1.8930779 1360.0 -1.2892227
1360.0 -1.2892227 1362.0 -0.70796967
1362.0 -0.70796967 1364.0 -0.15029526
1364.0 -0.15029526 1366.0 0.3828659
1366.0 0.3828659 1368.0 0.89061356
1368.0 0.89061356 1370.0 1.3720856
1370.0 1.3720856 1372.0 1.8264656
1372.0 1.8264656 1374.0 2.252983
1374.0 2.252983 1376.0 2.6509094
1376.0 2.6509094 1378.0 3.0195694
1378.0 3.0195694 1380.0 3.3583298
1380.0 3.3583298 1382.0 3.666607
1382.0 3.666607 1384.0 3.9438782
1384.0 3.9438782 1386.0 4.189663
1386.0 4.189663 1388.0 4.403534
1388.0 4.403534 1390.0 4.5851364
1390.0 4.5851364 1392.0 4.734146
1392.0 4.734146 1394.0 4.8503075
1394.0 4.8503075 1396.0 4.933426
1396.0 4.933426 1398.0 4.9833527
1398.0 4.9833527 1400.0 5.0
1400.0 5.0 1402.0 4.9999924
1402.0 4.9999924 1404.0 4.999938
1404.0 4.999938 1406.0 4.999791
1406.0 4.999791 1408.0 4.999505
1408.0 4.999505 1410.0 4.999034
1410.0 4.999034 1412.0 4.998333
1412.0 4.998333 1414.0 4.9973574
1414.0 4.9973574 1416.0 4.9960623
1416.0 4.9960623 1418.0 4.9944053
1418.0 4.9944053 1420.0 4.9923434
1420.0 4.9923434 1422.0 4.9898357
1422.0 4.9898357 1424.0 4.986841
1424.0 4.986841 1426.0 4.9833217
1426.0 4.9833217 1428.0 4.9792385
1428.0 4.9792385 1430.0 4.974556
1430.0 4.974556 1432.0 4.9692388
1432.0 4.9692388 1434.0 4.9632535
1434.0 4.9632535 1436.0 4.9565687
1436.0 4.9565687 1438.0 4.949155
1438.0 4.949155 1440.0 4.940983
1440.0 4.940983 1442.0 4.932028
1442.0 4.932028 1444.0 4.922264
1444.0 4.922264 1446.0 4.9116707
1446.0 4.9116707 1448.0 4.9002266
1448.0 4.9002266 1450.0 4.8879147
1450.0 4.8879147 1452.0 4.8747187
1452.0 4.8747187 1454.0 4.8606253
1454.0 4.8606253 1456.0 4.8456225
1456.0 4.8456225 1458.0 4.829703
1458.0 4.829703 1460.0 4.8128586
1460.0 4.8128586 1462.0 4.795086
1462.0 4.795086 1464.0 4.776383
1464.0 4.776383 1466.0 4.7567506
1466.0 4.7567506 1468.0 4.7361913
1468.0 4.7361913 1470.0 4.714711
1470.0 4.714711 1472.0 4.6923175
1472.0 4.6923175 1474.0 4.6690207
1474.0 4.6690207 1476.0 4.6448336
1476.0 4.6448336 1478.0 4.619771
1478.0 4.619771 1480.0 4.5938506
1480.0 4.5938506 1482.0 4.567092
1482.0 4.567092 1484.0 4.539517
1484.0 4.539517 1486.0 4.51115
1486.0 4.51115 1488.0 4.4820175
1488.0 4.4820175 1490.0 4.452148
1490.0 4.452148 1492.0 4.421572
1492.0 4.421572 1494.0 4.390323
1494.0 4.390323 1496.0 4.3584356
1496.0 4.3584356 1498.0 4.325946
1498.0 4.325946 1500.0 4.292893
1500.0 4.292893 1502.0 4.2593164
1502.0 4.2593164 1504.0 4.2252584
1504.0 4.2252584 1506.0 4.190763
1506.0 4.190763 1508.0 4.1558743
1508.0 4.1558743 1510.0 4.12064
1510.0 4.12064 1512.0 4.085106
1512.0 4.085106 1514.0 4.049323
1514.0 4.049323 1516.0 4.0133405
1516.0 4.0133405 1518.0 3.9772096
1518.0 3.9772096 1520.0 3.9409819
1520.0 3.9409819 1522.0 3.9047108
1522.0 3.9047108 1524.0 3.8684497
1524.0 3.8684497 1526.0 3.8322523
1526.0 3.8322523 1528.0 3.7961736
1528.0 3.7961736 1530.0 3.760268
1530.0 3.760268 1532.0 3.7245908
1532.0 3.7245908 1534.0 3.6891975
1534.0 3.6891975 1536.0 3.6541433
1536.0 3.6541433 1538.0 3.619483
1538.0 3.619483 1540.0 3.5852714
1540.0 3.5852714 1542.0 3.5515633
1542.0 3.5515633 1544.0 3.518413
1544.0 3.518413 1546.0 3.4858732
1546.0 3.4858732 1548.0 3.4539976
1548.0 3.4539976 1550.0 3.4228373
1550.0 3.4228373 1552.0 3.3924441
1552.0 3.3924441 1554.0 3.3628674
1554.0 3.3628674 1556.0 3.3341565
1556.0 3.3341565 1558.0 3.3063588
1558.0 3.3063588 1560.0 3.279521
1560.0 3.279521 1562.0 3.2536876
1562.0 3.2536876 1564.0 3.2289019
1564.0 3.2289019 1566.0 3.205206
1566.0 3.205206 1568.0 3.1826396
1568.0 3.1826396 1570.0 3.1612406
1570.0 3.1612406 1572.0 3.141046
1572.0 3.141046 1574.0 3.1220896
1574.0 3.1220896 1576.0 3.104404
1576.0 3.104404 1578.0 3.0880191
1578.0 3.0880191 1580.0 3.0729632
1580.0 3.0729632 1582.0 3.0592618
1582.0 3.0592618 1584.0 3.046939
1584.0 3.046939 1586.0 3.036015
1586.0 3.036015 1588.0 3.0265095
1588.0 3.0265095 1590.0 3.0184383
1590.0 3.0184383 1592.0 3.0118158
1592.0 3.0118158 1594.0 3.0066528
1594.0 3.0066528 1596.0 3.0029588
1596.0 3.0029588 1598.0 3.00074
1598.0 3.00074 1600.0 3.0
1600.0 3.0 1602.0 3.0001009
1602.0 3.0001009 1604.0 3.0008059
1604.0 3.0008059 1606.0 3.0027177
1606.0 3.0027177 1608.0 3.0064366
1608.0 3.0064366 1610.0 3.0125575
1610.0 3.0125575 1612.0 3.0216699
1612.0 3.0216699 1614.0 3.0343559
1614.0 3.0343559 1616.0 3.0511885
1616.0 3.0511885 1618.0 3.0727308
1618.0 3.0727308 1620.0 3.0995338
1620.0 3.0995338 1622.0 3.132136
1622.0 3.132136 1624.0 3.1710615
1624.0 3.1710615 1626.0 3.216818
1626.0 3.216818 1628.0 3.2698972
1628.0 3.2698972 1630.0 3.3307722
1630.0 3.3307722 1632.0 3.3998964
1632.0 3.3998964 1634.0 3.4777033
1634.0 3.4777033 1636.0 3.5646043
1636.0 3.5646043 1638.0 3.6609883
1638.0 3.6609883 1640.0 3.7672205
1640.0 3.7672205 1642.0 3.8836412
1642.0 3.8836412 1644.0 4.0105658
1644.0 4.0105658 1646.0 4.148282
1646.0 4.148282 1648.0 4.297052
1648.0 4.297052 1650.0 4.457109
1650.0 4.457109 1652.0 4.628658
1652.0 4.628658 1654.0 4.811874
1654.0 4.811874 1656.0 5.006904
1656.0 5.006904 1658.0 5.213864
1658.0 5.213864 1660.0 5.4328384
1660.0 5.4328384 1662.0 5.663883
1662.0 5.663883 1664.0 5.9070206
1664.0 5.9070206 1666.0 6.1622434
1666.0 6.1622434 1668.0 6.429512
1668.0 6.429512 1670.0 6.7087564
1670.0 6.7087564 1672.0 6.999874
1672.0 6.999874 1674.0 7.3027315
1674.0 7.3027315 1676.0 7.6171646
1676.0 7.6171646 1678.0 7.9429774
1678.0 7.9429774 1680.0 8.279943
1680.0 8.279943 1682.0 8.627808
1682.0 8.627808 1684.0 8.986282
1684.0 8.986282 1686.0 9.355053
1686.0 9.355053 1688.0 9.733775
1688.0 9.733775 1690.0 10.122078
1690.0 10.122078 1692.0 10.51956
1692.0 10.51956 1694.0 10.9257965
1694.0 10.9257965 1696.0 11.340336
1696.0 11.340336 1698.0 11.762702
1698.0 11.762702 1700.0 12.192393
1700.0 12.192393 1702.0 12.628888
1702.0 12.628888 1704.0 13.071639
1704.0 13.071639 1706.0 13.520082
1706.0 13.520082 1708.0 13.973633
1708.0 13.973633 1710.0 14.431685
1710.0 14.431685 1712.0 14.8936205
1712.0 14.8936205 1714.0 15.3588
1714.0 15.3588 1716.0 15.826574
1716.0 15.826574 1718.0 16.296276
1718.0 16.296276 1720.0 16.767235
1720.0 16.767235 1722.0 17.23876
1722.0 17.23876 1724.0 17.710155
1724.0 17.710155 1726.0 18.180721
1726.0 18.180721 1728.0 18.649746
1728.0 18.649746 1730.0 19.116516
1730.0 19.116516 1732.0 19.580318
1732.0 19.580318 1734.0 20.04043
1734.0 20.04043 1736.0 20.496138
1736.0 20.496138 1738.0 20.946722
1738.0 20.946722 1740.0 21.391472
1740.0 21.391472 1742.0 21.829676
1742.0 21.829676 1744.0 22.260632
1744.0 22.260632 1746.0 22.683647
1746.0 22.683647 1748.0 23.098032
1748.0 23.098032 1750.0 23.503115
1750.0 23.503115 1752.0 23.898228
1752.0 23.898228 1754.0 24.282722
1754.0 24.282722 1756.0 24.655966
1756.0 24.655966 1758.0 25.017334
1758.0 25.017334 1760.0 25.366226
1760.0 25.366226 1762.0 25.70206
1762.0 25.70206 1764.0 26.024275
1764.0 26.024275 1766.0 26.332321
1766.0 26.332321 1768.0 26.625687
1768.0 26.625687 1770.0 26.903872
1770.0 26.903872 1772.0 27.1664
1772.0 27.1664 1774.0 27.412834
1774.0 27.412834 1776.0 27.642748
1776.0 27.642748 1778.0 27.855751
1778.0 27.855751 1780.0 28.05148
1780.0 28.05148 1782.0 28.229595
1782.0 28.229595 1784.0 28.389795
1784.0 28.389795 1786.0 28.531805
1786.0 28.531805 1788.0 28.655376
1788.0 28.655376 1790.0 28.7603
1790.0 28.7603 1792.0 28.846395
1792.0 28.846395 1794.0 28.913511
1794.0 28.913511 1796.0 28.961535
1796.0 28.961535 1798.0 28.990381
1798.0 28.990381 1800.0 29.0
1800.0 29.0 1802.0 28.99997
1802.0 28.99997 1804.0 28.999752
1804.0 28.999752 1806.0 28.999165
1806.0 28.999165 1808.0 28.99802
1808.0 28.99802 1810.0 28.996136
1810.0 28.996136 1812.0 28.993332
1812.0 28.993332 1814.0 28.98943
1814.0 28.98943 1816.0 28.98425
1816.0 28.98425 1818.0 28.977621
1818.0 28.977621 1820.0 28.969374
1820.0 28.969374 1822.0 28.959343
1822.0 28.959343 1824.0 28.947365
1824.0 28.947365 1826.0 28.933287
1826.0 28.933287 1828.0 28.916954
1828.0 28.916954 1830.0 28.898224
1830.0 28.898224 1832.0 28.876955
1832.0 28.876955 1834.0 28.853014
1834.0 28.853014 1836.0 28.826275
1836.0 28.826275 1838.0 28.79662
1838.0 28.79662 1840.0 28.763931
1840.0 28.763931 1842.0 28.728111
1842.0 28.728111 1844.0 28.689056
1844.0 28.689056 1846.0 28.646683
1846.0 28.646683 1848.0 28.600906
1848.0 28.600906 1850.0 28.551659
1850.0 28.551659 1852.0 28.498875
1852.0 28.498875 1854.0 28.442501
1854.0 28.442501 1856.0 28.38249
1856.0 28.38249 1858.0 28.318811
1858.0 28.318811 1860.0 28.251434
1860.0 28.251434 1862.0 28.180344
1862.0 28.180344 1864.0 28.105532
1864.0 28.105532 1866.0 28.027002
1866.0 28.027002 1868.0 27.944765
1868.0 27.944765 1870.0 27.858845
1870.0 27.858845 1872.0 27.76927
1872.0 27.76927 1874.0 27.676083
1874.0 27.676083 1876.0 27.579334
1876.0 27.579334 1878.0 27.479084
1878.0 27.479084 1880.0 27.375402
1880.0 27.375402 1882.0 27.268368
1882.0 27.268368 1884.0 27.158068
1884.0 27.158068 1886.0 27.0446
1886.0 27.0446 1888.0 26.92807
1888.0 26.92807 1890.0 26.808592
1890.0 26.808592 1892.0 26.686289
1892.0 26.686289 1894.0 26.561293
1894.0 26.561293 1896.0 26.433743
1896.0 26.433743 1898.0 26.303783
1898.0 26.303783 1900.0 26.171572
1900.0 26.171572 1902.0 26.037266
1902.0 26.037266 1904.0 25.901033
1904.0 25.901033 1906.0 25.763052
1906.0 25.763052 1908.0 25.623497
1908.0 25.623497 1910.0 25.48256
1910.0 25.48256 1912.0 25.340424
1912.0 25.340424 1914.0 25.197292
1914.0 25.197292 1916.0 25.053362
1916.0 25.053362 1918.0 24.908838
1918.0 24.908838 1920.0 24.763927
1920.0 24.763927 1922.0 24.618843
1922.0 24.618843 1924.0 24.473799
1924.0 24.473799 1926.0 24.32901
1926.0 24.32901 1928.0 24.184694
1928.0 24.184694 1930.0 24.041073
1930.0 24.041073 1932.0 23.898363
1932.0 23.898363 1934.0 23.75679
1934.0 23.75679 1936.0 23.616573
1936.0 23.616573 1938.0 23.477932
1938.0 23.477932 1940.0 23.341085
1940.0 23.341085 1942.0 23.206253
1942.0 23.206253 1944.0 23.073652
1944.0 23.073652 1946.0 22.943493
1946.0 22.943493 1948.0 22.81599
1948.0 22.81599 1950.0 22.691349
1950.0 22.691349 1952.0 22.569777
1952.0 22.569777 1954.0 22.45147
1954.0 22.45147 1956.0 22.336626
1956.0 22.336626 1958.0 22.225435
1958.0 22.225435 1960.0 22.118084
1960.0 22.118084 1962.0 22.014751
1962.0 22.014751 1964.0 21.915607
1964.0 21.915607 1966.0 21.820824
1966.0 21.820824 1968.0 21.730558
1968.0 21.730558 1970.0 21.644962
1970.0 21.644962 1972.0 21.564184
1972.0 21.564184 1974.0 21.488358
1974.0 21.488358 1976.0 21.417616
1976.0 21.417616 1978.0 21.352077
1978.0 21.352077 1980.0 21.291853
1980.0 21.291853 1982.0 21.237047
1982.0 21.237047 1984.0 21.187756
1984.0 21.187756 1986.0 21.14406
1986.0 21.14406 1988.0 21.106037
1988.0 21.106037 1990.0 21.073753
1990.0 21.073753 1992.0 21.047264
1992.0 21.047264 1994.0 21.026611
1994.0 21.026611 1996.0 21.011835
1996.0 21.011835 1998.0 21.00296
1998.0 21.00296 2000.0 21.0